   0.0000000000000000              128         128           1           1
  0.10097172913722748              128         128           2           1
  0.20096315022457967              128         128           3           1
  0.30095457131193076              128         128           4           1
  0.40094599239928047              128         128           5           1
  0.50093741348663023              128         128           6           1
  0.60092883457398560              128         128           7           1
  0.70092025566134097              128         128           8           1
  0.80091167674869634              128         128           9           1
  0.90090309783605171              128         128          10           1
   1.0008945189234071              128         128          11           1
   1.1008859400107625              128         128          12           1
   1.2008773610981178              128         128          13           1
